#redshift I_CII[Jy/sr] I_CO10[Jy/sr] I_CO21[Jy/sr] I_CO32[Jy/sr] I_CO43[Jy/sr] I_CO54[Jy/sr] I_CI10[Jy/sr] I_CI21[Jy/sr]
0.0 1279.453175069103 16.36178662657474 59.05559177109873 88.55590357365648 78.67703765493168 42.776967079779425 15.551691681159392 11.130391470119388
0.1 1543.8672171773862 18.392167074729212 67.73827793243713 104.01833871624298 95.53452716794997 54.82761766237154 18.800179528037482 13.875331670058701
0.2 1816.6240251858144 20.637535312082992 77.55039898399572 122.03361998101342 115.70211999802076 69.16356461474273 22.881157107829576 17.693147347005898
0.30000000000000004 2211.6355814136728 23.86765529933348 91.62047788722033 148.28954358268064 146.7988401942777 94.3298929687075 27.952589996386624 22.71525240441276
0.4 2448.44746895235 25.268367206155045 98.44943452995035 162.01418093948584 163.54501543920628 107.65534220384421 31.295706453972898 26.25072322422507
0.5 2722.015162686208 27.23504090051905 107.83422784849628 180.71642214000363 186.65766754050827 127.06863037999028 35.76295457914092 31.251864062068833
0.6000000000000001 3017.5706539689613 28.760158400617442 115.73649192118262 198.43667542952676 212.16744784286755 151.83426752843482 39.86956474611726 36.46481333197736
0.7000000000000001 3461.123711940031 30.92499393630549 126.31521462490153 221.31971200245295 244.33993817230004 182.46905195206853 44.846423288707456 42.89257124183531
0.8 3812.5699711882085 32.49079242353153 134.82799048514053 241.44847179092002 275.3369573288544 215.16350072690963 49.80341100602403 50.173552226430154
0.9 4155.909293612969 33.909296810015455 142.79175252211164 260.804521432541 306.0784697688189 249.37410479639365 54.3145065777435 57.26064239221265
1.0 4567.980733452755 35.53865936814415 152.20132449112296 284.4034519500915 345.03958753127984 294.7126910075513 60.06441424237417 66.69934511316643
1.1 5114.56644082491 38.530371752123365 166.3949206619689 315.0095293004095 389.84322209531103 342.3156756491196 66.08209885283819 76.16198254851199
1.2000000000000002 5346.638204275278 39.06348806264856 170.6796965194414 328.33051610121674 416.35577098759916 379.774683667876 69.97187921740017 84.37840993097414
1.3 5513.790648443871 38.950175476980746 171.54691765847897 333.3276009006407 428.53359802989655 398.1643691143847 73.08129365578657 90.79452643459229
1.4000000000000001 5642.256703913476 38.98168156291649 173.25495511217733 340.80136692672687 446.17889251783674 426.04342173736666 75.55373571895474 97.45900383276478
1.5 5666.8619410585 37.97113345502471 170.00888753193428 337.3895698398239 447.01606392749375 434.17562522086894 76.93445246480655 101.93821519811101
1.6 5726.58819122731 37.59530481957452 170.12296266818032 342.12090628709564 461.9326089916395 461.2922406585224 80.1301485890381 110.54919994482363
1.7000000000000002 5691.939093283001 36.49369817188071 166.1974613980127 336.90144153982396 459.82225165235667 465.8355321590334 79.84024002877828 112.53461390092384
1.8 5716.7735079586755 35.797499837572055 164.48371496318683 336.967890663443 466.5984933914804 482.59944873758167 82.31157246906105 119.73512923746459
1.9000000000000001 5589.052757462835 34.44827113017195 159.51738841930134 329.9462254351939 462.90500882893997 487.4229928537579 81.8177575576338 122.49392215992113
2.0 5568.046533909794 33.54876560211555 156.68365292077112 327.2901599295004 465.2681920069721 499.0663047775655 83.29208137293283 128.25841912815417
2.1 5253.3179077463055 30.852002399050924 145.11823292669817 305.0013056568107 436.6506169670577 472.41230718596154 80.78317034925993 127.03969652125554
2.2 5211.475965766307 29.511345413107154 139.8865403070198 296.285041864592 428.3395304994381 469.53803212857275 82.17369593618653 132.85839649330526
2.3000000000000003 4906.259521916938 27.232587089676212 130.18349095096585 277.7588631453424 405.04638210413583 449.16447588828873 80.419987192288 133.321228646836
2.4000000000000004 4798.651003988991 25.771023457844283 124.13362207618192 266.7673851226232 392.4217390436953 440.0101658105875 80.34423938452574 136.25790805568064
2.5 4540.245629326147 23.80588021495698 115.58760704613304 250.1573606243703 371.0191361688776 420.42492478521666 78.10511907034793 135.331795231489
2.6 4276.210723029712 21.87081029668225 107.04314001632743 233.2488986991741 348.6168579187899 398.90038454099283 76.08739006861882 134.70855984590006
2.7 4028.4834403627756 19.996175175086147 98.60402767511482 216.20989162420474 325.39298444125643 375.5168847362018 73.52706424402282 132.493893438144
2.8000000000000003 3843.3275948794912 18.57011268597964 92.33378941090078 203.92059282468324 309.4142727733998 360.8163455806396 72.48884125648951 133.4944132439581
2.9000000000000004 3530.223105963843 16.704232431502724 83.68910442651267 185.88801845687237 283.6901211971471 333.10060839059463 68.5283083357373 128.02743689694458
3.0 3317.0560080243854 15.225573719444412 76.82804016691769 171.63396214469014 263.5007045116403 311.52731973277986 65.88323452331498 125.12506555716654
3.1 3065.786620920168 13.722836935130546 69.83301860082247 157.0267208767401 242.7435630384465 289.51634950861296 62.85228037874511 121.37613156474889
3.2 2904.5985648581463 12.614485057636463 64.60435707711918 146.03126797983236 227.00774127885336 272.54160020378936 60.271777569053505 118.10958273214266
3.3000000000000003 2665.943235634217 11.306638650031143 58.31313472773882 132.4889893796342 207.02855468323582 250.13427977206558 56.479462124305144 112.13191546087921
3.4000000000000004 2460.799665219496 10.148332774958634 52.79358758552482 120.70477472133437 189.77802698654568 231.00592109966001 53.7806884212299 108.39472661870684
3.5 2280.4504057416507 9.17466706878711 48.060201749541335 110.43206309902993 174.46632448899973 213.536679787495 50.725431656715394 103.37160467465591
3.7 1911.7624021311672 7.247840236046378 38.564206147267285 89.56957817335969 142.87255326351257 176.74896199824343 44.517865041482125 92.9812328881111
3.8000000000000003 1767.943790398462 6.52653473276958 34.921997851917595 81.41870107727947 130.30954696245976 161.7865347726645 41.49838877133562 87.30857365752922
3.9000000000000004 1598.461026428798 5.784321523606006 31.219781851347662 73.23115405183931 117.8609035287275 147.2536850462428 38.63378632082158 82.36051046867973
4.0 1486.6260223207107 5.2090454847258325 28.296041478147735 66.66727785476665 107.72175459483456 135.1713797116514 36.31140530675437 78.13023515478022
4.1000000000000005 1347.450736718671 4.633880366948977 25.315043467208536 59.90876634440578 97.28090449638589 122.91468483614405 33.540094503279896 72.91895456722162
4.2 1215.268574872938 4.1086701626842315 22.549310293668714 53.564445408969945 87.3616787014196 111.07287035400125 30.633886197527552 67.22455687125041
4.3 1092.632343254528 3.6332786527903034 20.038411408643952 47.77909164495369 78.24861690366627 100.05952460036194 27.927521352764987 61.78850017636905
4.4 997.2214295076121 3.253759476333274 18.023378926592994 43.127647832379616 70.91951318434425 91.20606009882637 25.785519942955734 57.5278992438028
4.5 908.2546116549103 2.8935034035560308 16.098853625235698 38.6615210991032 63.832886905171186 82.55384336220526 23.803553542471857 53.58520133494209
4.6000000000000005 808.0816171688278 2.579026232719726 14.446997300145163 34.85293975984427 57.79688842518003 75.15020865470538 21.533532229838244 48.945105764943705
4.7 734.5470794646402 2.343718854263889 13.184556961817696 31.90976316465242 53.11119158378337 69.39746221228584 19.690328807281087 45.09244851690179
4.800000000000001 665.9419594299397 2.1207995618820417 11.981064356923484 29.08443360275471 48.56803755167707 63.736823651121824 17.904057168324986 41.25809300775591
4.9 589.7968977784308 1.8829644241628054 10.70934265095279 26.117414679059724 43.8092633890242 57.803566339859266 16.191622576868326 37.725713306977944
5.0 536.7429392879103 1.699180473761049 9.698727160261289 23.708717466319218 39.8644317315547 52.7629966093907 14.701790632582382 34.42629861662973
5.1000000000000005 470.05192671574594 1.493658727126378 8.578768399863943 21.053340095387206 35.524099812900154 47.20926406741033 13.203352338495213 31.169340366748386
5.2 418.75784939526704 1.329914808694762 7.659358479869182 18.83108287150578 31.83353070199375 42.4067281238683 11.738201813087668 27.81195055489779
5.300000000000001 366.93718998027884 1.1620049160778863 6.736971194208479 16.627731683602022 28.192746298181753 37.67537573724504 10.534863243893003 25.150617596223793
5.4 325.30927162451 1.0277200947093916 5.981942186350181 14.799653225987724 25.145494813288845 33.68382947186572 9.415657393270223 22.592837632560343
5.5 287.28210643176004 0.9037014750215375 5.286479185663086 13.1170358043182 22.33547511575418 29.98764922626857 8.413421779241617 20.305434084136863
5.6000000000000005 251.07967627132024 0.7927380993541262 4.655844532510008 11.580588520886296 19.76599548236146 26.617057306684213 7.438824652436461 18.03579507848343
5.7 219.97260071649254 0.6952419527983447 4.105354172105301 10.243800151818451 17.528743714120054 23.669089544204514 6.6423037198447314 16.202128619098456
5.800000000000001 195.9424699559847 0.619172252815128 3.671778800825831 9.186752551941005 15.758066754049686 21.337268507383534 5.976543236788717 14.654928447028915
5.9 170.77826443080193 0.5404396515365865 3.2138451049499634 8.053935995598552 13.835960250093038 18.770762194028354 5.223623896105758 12.859564148509095
6.0 150.65282196910488 0.47369854040983306 2.8304658932954103 7.112302160431864 12.24139751376435 16.63744182517347 4.655125565041132 11.51123111870106
6.1000000000000005 135.04732310175868 0.4223526655661338 2.5350165331162486 6.386146809567412 11.014798288492576 15.003606941070755 4.212341305450968 10.473868090444256
6.2 117.41201206316758 0.3634214214523055 2.1933953158255264 5.540364940158457 9.571197126535969 13.052531892487078 3.707198424854031 9.26445506653036
6.300000000000001 103.91968636355834 0.3222651155352658 1.950998388496206 4.937019143746389 8.5444579700296 11.67748308957753 3.294083504252841 8.26576461915539
6.4 91.34496669700228 0.2800904029844763 1.7060040015517646 4.330894772634072 7.510926461302813 10.282272181304686 2.9431968392091767 7.4316311995293525
6.5 81.16418767600351 0.24933980760706648 1.5219111052888847 3.869211050356507 6.722195794725249 9.22284937153805 2.620535151227304 6.640774602182009
6.6000000000000005 71.60513156664788 0.21652980533780555 1.329885616367105 3.3917639082906335 5.903676560754684 8.110077374387439 2.3375967796949775 5.959046180463518
6.7 62.97711717030304 0.18845949474435253 1.162745001160362 2.9716729979865453 5.178171434020614 7.118378074971087 2.0682990105971357 5.291039679502985
6.800000000000001 56.02880133206439 0.16671129697064865 1.0315512573742232 2.6404558326716403 4.607566463827677 6.343243700494783 1.8416164693531238 4.729071392611094
6.9 49.30667943098923 0.14490505790798702 0.901083302809559 2.3127014599817213 4.042749737594145 5.5733071340981795 1.634950852322321 4.216795404399314
7.0 43.47554478478043 0.1274139353305652 0.7952481887558279 2.045483153670656 3.582316052548051 4.949055542184376 1.4508480128524688 3.761453463055291
7.1000000000000005 38.2244887678099 0.11126800863289811 0.6963636060729353 1.7935949103229931 3.143974910950666 4.347717249696363 1.2791826331574432 3.3254426606294243
7.2 33.86100881436217 0.0977137351589365 0.6142125573793809 1.585355984703681 2.782119614925076 3.8511474466180906 1.1427043050477619 2.9784015304599274
7.300000000000001 29.947737475053252 0.08659066576046473 0.5442371583775618 1.4053841772337619 2.4690453697645105 3.424061440732217 1.005642985567033 2.6267167055172385
7.4 26.088500514369507 0.07466833829627628 0.47228591848386675 1.223440305310549 2.1527149466626168 2.988377111520102 0.8882722102736599 2.3313572049277407
7.5 23.122128224200992 0.06538495011473637 0.4147822880764193 1.0758557490436658 1.8942447088847605 2.631020595967421 0.7867107803949145 2.0682292733468577
7.6000000000000005 19.735193049882383 0.05585884789882299 0.35563922512214763 0.9242273457934158 1.6296090363005302 2.267074624507434 0.6759929208617111 1.7841310815322848
7.7 17.462839124771882 0.04922773261904091 0.31417959682443014 0.8175235334103688 1.4426566070530757 2.0087009675568153 0.5964782107409345 1.577050639445379
7.800000000000001 15.567443732893475 0.04345480617760694 0.27785921988018636 0.7239447979299108 1.279226029530577 1.784362017025747 0.5325316194122848 1.4131610294520471
7.9 13.694747952180256 0.03784437984954418 0.24323208054691783 0.6353688555679339 1.1242514443251714 1.5695615530118474 0.4723500663960955 1.2576009074827053
8.0 12.00468617014591 0.03280472005260427 0.2112757948255984 0.5522350256639381 0.9772393208434376 1.3644430980980504 0.4116430232177641 1.0973487574412455
8.1 10.481585281152123 0.028432753049236436 0.18348891447461554 0.4801836428847084 0.850515323738186 1.1885396238625756 0.3595741011974903 0.9608296271264622
8.200000000000001 9.202660462102854 0.024930000819344298 0.16104936808027595 0.4217385820141141 0.7476900240243224 1.0463528148807517 0.3143867435135003 0.8431061604210056
8.3 8.140913361541047 0.02182480120737224 0.14135589679911534 0.37055862863231576 0.657168420486957 0.9196175593554077 0.27752825512832474 0.7446508386744186
8.4 7.021122809451138 0.01857624485184511 0.12077629764117477 0.31703099283554925 0.562347102113844 0.7867168412410478 0.23927523899915332 0.6437331175372709
8.5 6.228189913625138 0.016260060098812503 0.1060385240421155 0.27890612172195145 0.49553533015246654 0.6943608432762104 0.21306385292445215 0.5752780620223659
8.6 5.467765760125119 0.014192174119217749 0.09276989093875354 0.24437441594221132 0.43476066186666795 0.6100929932742936 0.18759242231136253 0.5082502024911146
8.700000000000001 4.796067430918815 0.012331133567846762 0.08076007247459009 0.21296352189776235 0.37918522335097016 0.5324990861062782 0.1639755652460191 0.4453979711588636
8.8 4.114551617068625 0.010394507581438799 0.06839176074278155 0.1806503979469396 0.32172639260716274 0.4515781879039731 0.14035491938537517 0.3820369934063113
8.9 3.587595664339904 0.009001745247439946 0.059306116142334254 0.15675623557783575 0.2792965522464731 0.39219093417727796 0.12153485235123525 0.3314191072067951
9.0 3.1793950894415555 0.007926965659149736 0.05217157972998914 0.13780543097118458 0.24546493320606147 0.3447633064846817 0.10616271234690211 0.2893315684356901
9.1 2.7769190765561924 0.006804433461835442 0.04511360504634135 0.11949896344356181 0.21295961415865933 0.29879552229961726 0.09396840355707257 0.25685725806947574
9.200000000000001 2.4016028009022006 0.005869068043680832 0.038977484985608504 0.10329944845829117 0.18408662849899815 0.2582019216440204 0.08148761543013541 0.22280807133350936
9.3 2.103825545461767 0.005135293911999829 0.03417740871802886 0.09069761656750262 0.1617645290298119 0.22699405474195222 0.07202153161371318 0.19717346533471544
9.4 1.861909747534194 0.004491699962019522 0.030010819572876983 0.07970420307518301 0.14201820515353789 0.1988509504847398 0.0636881409957679 0.1740859590730966
9.5 1.6635470076206982 0.00402104567286869 0.026877163730822082 0.07140643864313244 0.12727050405221324 0.17824012090099575 0.05711219075419787 0.15620947715829042
9.600000000000001 1.426457327067007 0.0034230595293749957 0.02295974307541906 0.06104931201510103 0.10874862425435128 0.15207560255825645 0.04900994939775013 0.13397778307246502
9.700000000000001 1.2173800675294866 0.00292191350202989 0.01964033923884029 0.052288662152642 0.09323296415298589 0.13049244500602253 0.04226873605404873 0.11590463377817407
9.8 1.0681178724078562 0.0025604732935674305 0.01723084266102261 0.04587433451609661 0.08173711410341603 0.11425249927983469 0.03694411076784604 0.10118382125906503
9.9 0.9463617806096453 0.0022349776404207325 0.015110187164966222 0.04029845708837506 0.0718081751494814 0.10026670643367494 0.032883579080587415 0.09011202689676649
10.0 0.8204986419585685 0.0019400082154654313 0.013112587250630863 0.03494840062760525 0.06222347614900517 0.08680030340289452 0.02840254028537073 0.07775218750495551
